x_samp <- c(4.2, 6.4, 7.9, 2.9, 2.9, 1.9, 7.8, 6, 
1.6, 2.4, 4, 10.8, 1.7, 1.2, 2.1, 0.5, 4.6, 0.5, 7, 
0.5, 3.5, 1.1, 6.2, 3.6, 3.1, 5.8, 2.4, 3.3, 4.9, 4.9)

y_samp <- c(12, 38, 34, 4, 8, 3, 29, 43, 1, 5, 
14, 71, 1, 1, 6, 0, 18, 0, 41, 0, 9, 1, 14, 13, 
8, 21, 2, 8, 25, 27)
